1.00794
4.002602
6.941
9.1021831
10.811
12.0107
14.00674
15.9994
18.9984032
20.1797
22.9897693
24.305
26.9815385
28.0855
30.973762
32.066
35.4527
39.948
39.0983
40.078
44.955908
47.867
50.9415
51.9961
54.938044
55.845
58.933194
58.6934
63.546
65.38
69.723
72.63
74.921595
78.971
79.904
83.798
85.4678
87.62
88.90584
91.224
92.90637
95.95
98.0
101.07
102.9055
106.42
107.8682
112.414
114.818
118.71
121.76
127.6
126.90447
131.293
132.905452
137.327
138.90547
140.116
140.90766
144.242
145.0
150.36
151.964
157.25
158.92535
162.5
164.93033
167.259
168.93422
173.045
174.9668
178.49
180.94788
183.84
186.207
190.23
192.217
195.084
196.966569
200.592
204.3833
207.2
208.9804
209.0
210.0
222.0
223.0
226.0
227.0
232.0377
231.03588
238.02891
237.0
244.0
243.0
247.0
247.0
251.0
252.0
257.0
258.0
259.0
262.0
263.0
268.0
271.0
270.0
270.0
278.0
281.0
281.0
285.0
286.0
289.0
289.0
293.0
294.0
294.0